================================ Job Summary =================================
Job ID: 0c5b74e8620657fe9fbc00eb70e09eafe8f6d59fef15cdc2d803e1918a533500
Job: Filter AA
Enzyme: Test
Substrate Length: 8
Minimum Count: 1
Filter: Fix Q@R5


================================== Load Data =================================
Loading Substrates: Experimental

Substrates:
    NSGRVWLQ, 56
    VQGVPTLQ, 55
    MTLLAVLQ, 47
    FISLQGLI, 42
    FCVLQSVN, 40
    GCWLQADV, 37
    FVRLQGMS, 36
    DVRLQSSF, 35
    SRNLALLQ, 34
    FVALQALY, 34
    HVVVLQCT, 33

Total Substrates: 37,827
Unique Substrates: 13,586


Loading Counts: Background
Counts:
     R1    R2    R3    R4    R5    R6    R7    R8
A  1446  1493  1479  1563  1616  1635  1611  1563
R  2411  2573  2533  2720  2767  2341  2542  2527
N   859   952  1024  1020   944  1060  1040  1083
D   982   923   932   920   917  1047   952   992
C  1214  1120  1118  1157  1096  1125  1164  1191
E   983  1013   991   953  1016  1039   923  1095
Q   894   946   899   754   945   827   835   947
G  2130  1913  1844  1976  2069  1786  1974  1880
H   846   765   796   728   749   812   820   871
I  1271  1258  1406  1302  1229  1375  1315  1321
L  3589  3594  3655  3683  3459  3584  3525  3416
K   957  1114  1118  1069  1057  1074   922  1059
M  1339  1454  1370  1485  1454  1311  1269  1190
F  1713  1544  1625  1505  1394  1635  1662  1455
P  1223  1153  1111  1193  1155  1158  1231  1242
S  2952  2926  3012  2892  2981  3017  2951  2907
T  1487  1639  1607  1615  1694  1666  1508  1705
W  1308  1334  1232  1283  1236  1063  1131  1209
Y  1151  1155  1193  1053  1164  1205  1103  1189
V  2669  2555  2479  2553  2482  2664  2946  2582


============================== Filter Substrates =============================
Filter: Fix Q@R5
Filter: Fix Q@R5

Filter AA:
* R5: Q

Unfiltered Substrates:
     Total: 37,827
    Unique: 13,586

Filtered Substrates:
     Total: 4,282
    Unique: 1,224

Substrates:
    FISLQGLI, 42
    FCVLQSVN, 40
    GCWLQADV, 37
    FVRLQGMS, 36
    DVRLQSSF, 35
    FVALQALY, 34
    GVRLQCDS, 27
    PTLLQADT, 26
    TARLQSSH, 25
    SVLLQGYL, 24


================================== Count AA ==================================
Dataset: Experimental

Counts:
    R1    R2   R3    R4    R5    R6   R7   R8
A  172   738  137    49     0  1233  237  195
R  304    46  449    33     0    25  231  209
N  132    20  101    10     0     4  249  173
D   76    27   29     8     0     5  239   80
C  168   504   60    52     0   848  188  140
E   91     7   38     6     0     2   82   43
Q   98    25  195     7  4282     9  240  115
G  227    76   48    17     0   904  297  158
H  114    25   97    24     0     9  192  190
I  173   241  370    71     0     9  129  225
L  535   118  590  3079     0   227  391  470
K  173    23  162    18     0    20  107   54
M  183    61  204   547     0    60  209  223
F  381    57  195   158     0    21  298  402
P  137   242   19     8     0    25    2   76
S  266   430  290    31     0   806  537  404
T  198   230  275    18     0     8  118  236
W  207   109  236    11     0    17  118  187
Y  209    17  138     6     0    13  179  240
V  438  1286  649   129     0    37  239  462

Count Totals:
     Sum
R1  4282
R2  4282
R3  4282
R4  4282
R5  4282
R6  4282
R7  4282
R8  4282


=============================== Calculate: RF ================================
Filter: Fix Q@R5

RF Experimental:
     R1    R2    R3    R4    R5    R6    R7    R8
A 0.040 0.172 0.032 0.011 0.000 0.288 0.055 0.046
R 0.071 0.011 0.105 0.008 0.000 0.006 0.054 0.049
N 0.031 0.005 0.024 0.002 0.000 0.001 0.058 0.040
D 0.018 0.006 0.007 0.002 0.000 0.001 0.056 0.019
C 0.039 0.118 0.014 0.012 0.000 0.198 0.044 0.033
E 0.021 0.002 0.009 0.001 0.000 0.000 0.019 0.010
Q 0.023 0.006 0.046 0.002 1.000 0.002 0.056 0.027
G 0.053 0.018 0.011 0.004 0.000 0.211 0.069 0.037
H 0.027 0.006 0.023 0.006 0.000 0.002 0.045 0.044
I 0.040 0.056 0.086 0.017 0.000 0.002 0.030 0.053
L 0.125 0.028 0.138 0.719 0.000 0.053 0.091 0.110
K 0.040 0.005 0.038 0.004 0.000 0.005 0.025 0.013
M 0.043 0.014 0.048 0.128 0.000 0.014 0.049 0.052
F 0.089 0.013 0.046 0.037 0.000 0.005 0.070 0.094
P 0.032 0.057 0.004 0.002 0.000 0.006 0.000 0.018
S 0.062 0.100 0.068 0.007 0.000 0.188 0.125 0.094
T 0.046 0.054 0.064 0.004 0.000 0.002 0.028 0.055
W 0.048 0.025 0.055 0.003 0.000 0.004 0.028 0.044
Y 0.049 0.004 0.032 0.001 0.000 0.003 0.042 0.056
V 0.102 0.300 0.152 0.030 0.000 0.009 0.056 0.108


============================= Calculate: Entropy =============================
Filter: Fix Q@R5

      ∆S
R1 0.189
R2 1.095
R3 0.454
R4 2.660
R5 4.322
R6 1.728
R7 0.213
R8 0.242

Max Entropy: 4.321928


======================== Calculate: Enrichment Score =========================
Enrichment Scores:
     log₂(RF Experimental / RF Background)

Enrichment Score: Fix Q@R5
      R1     R2     R3     R4    R5     R6     R7     R8
A -0.146  1.825 -0.544 -2.091  -inf  2.470  0.110 -0.140
R -0.192 -3.055  0.435 -3.489  -inf -3.723 -0.584 -0.678
N  0.339 -2.869 -0.570 -3.807  -inf -5.163  0.669 -0.001
D -0.841 -2.203 -2.122 -3.867  -inf -4.515  0.932 -0.742
C  0.128  1.950 -1.131 -1.775  -inf  2.390  0.122 -0.307
E -0.621 -4.188 -1.821 -4.411  -inf -6.074 -0.486 -1.774
Q -0.321 -2.435  0.837 -3.872 5.269 -3.631  1.023 -0.172
G -0.411 -1.801 -2.479 -3.945  -inf  1.876  0.216 -0.692
H -0.080 -2.029 -0.157 -2.294  -inf -3.384  0.644  0.634
I -0.067  0.505  0.793 -1.258  -inf -4.365 -0.568  0.282
L  0.216 -2.036  0.213  2.636  -inf -1.201 -0.281 -0.017
K  0.291 -2.745  0.130 -3.125  -inf -2.956 -0.286 -1.527
M -0.053 -1.745  0.024  1.460  -inf -1.537  0.252  0.515
F  0.801 -1.931 -0.215 -0.289  -inf -3.430  0.364  1.051
P -0.365  0.668 -3.160 -4.436  -inf -2.584 -6.371 -1.180
S -0.564  0.141 -0.450 -3.592  -inf  0.977  0.427  0.067
T -0.109  0.060  0.417 -3.628  -inf -4.843 -0.689 -0.025
W  0.184 -0.599  0.447 -3.965  -inf -3.255 -0.350  0.408
Y  0.554 -3.194 -0.300 -4.568  -inf -3.642  0.150  0.625
V  0.260  1.889  1.062 -1.483  -inf -3.229 -0.666  0.454

Stack Heights:
    +Stack  -Stack
R1   2.772  -3.770
R2   7.037 -30.831
R3   4.358 -12.949
R4   4.096 -55.896
R5   5.269   0.000
R6   7.713 -57.532
R7   4.908 -10.281
R8   4.035  -7.256


Scale Enrichment Scores:
     Enrichment Scores * ΔS

Residue Heights: Fix Q@R5
      R1     R2     R3      R4     R5      R6     R7     R8
A -0.028  1.999 -0.247  -5.562   -inf   4.269  0.023 -0.034
R -0.036 -3.346  0.198  -9.281   -inf  -6.435 -0.125 -0.164
N  0.064 -3.142 -0.259 -10.126   -inf  -8.923  0.143 -0.000
D -0.159 -2.413 -0.964 -10.286   -inf  -7.804  0.199 -0.179
C  0.024  2.135 -0.514  -4.720   -inf   4.130  0.026 -0.074
E -0.118 -4.587 -0.828 -11.733   -inf -10.498 -0.104 -0.429
Q -0.061 -2.667  0.381 -10.299 22.774  -6.275  0.218 -0.041
G -0.078 -1.972 -1.127 -10.495   -inf   3.243  0.046 -0.167
H -0.015 -2.222 -0.072  -6.101   -inf  -5.848  0.137  0.153
I -0.013  0.553  0.360  -3.347   -inf  -7.545 -0.121  0.068
L  0.041 -2.230  0.097   7.012   -inf  -2.076 -0.060 -0.004
K  0.055 -3.006  0.059  -8.313   -inf  -5.108 -0.061 -0.369
M -0.010 -1.911  0.011   3.884   -inf  -2.656  0.054  0.124
F  0.152 -2.114 -0.098  -0.770   -inf  -5.928  0.078  0.254
P -0.069  0.732 -1.436 -11.800   -inf  -4.466 -1.360 -0.285
S -0.107  0.154 -0.205  -9.555   -inf   1.689  0.091  0.016
T -0.021  0.066  0.190  -9.650   -inf  -8.370 -0.147 -0.006
W  0.035 -0.656  0.203 -10.546   -inf  -5.625 -0.075  0.099
Y  0.105 -3.498 -0.136 -12.151   -inf  -6.294  0.032  0.151
V  0.049  2.068  0.483  -3.945   -inf  -5.580 -0.142  0.110

Stack Heights:
    +Stack   -Stack
R1   0.525   -0.714
R2   7.707  -33.765
R3   1.981   -5.885
R4  10.896 -148.678
R5  22.774     -inf
R6  13.331  -99.430
R7   1.048   -2.195
R8   0.975   -1.754
